13007503404
15639277427
15639280254
15639280462
15639280604
15639282841
15639285741
15639286984
15639289242
15639289649
15639289774
15639291445
15639296049
15639296941
15639297424
15639298394
18530812846
18530875979
18530943246
18530943529
18530948418
18530949608
18530949716
18530949726
18530949839
18530973746
18537135748
18537158279
18537162289
18537173381
18537178469
18537183243
18537183984
18537187584
18538003726
18538021446
18538022309
18538028609
18538056194
18538067846
18538079548
18538085004
18538118326
18538135569
18538135636
18538135639
18538191348
18538276706
18538301428
18538313796
18538512836
18538515389
18538515746
18538518249
18538707298
18538710329
18538713748
18538725846
18538730449
18538762078
18538762319
18538767058
18538767098
18538767109
18538927068
18538927129
18538928712
18539252938
18539270535
18539272381
18539281392
18539463309
18638107374
18638108524
18638206742
18638207349
18638214080
18638216481
18638217450
18638251402
18638252540
18638256743
18638270415
