15290530239
15290529671
15290529538
15290529538
15290527606
15290527606
15290527135
15290525121
15290525121
15290523821
15290523821
15290523657
15290522795
15290522795
15290521720
15290521720
15290521265
15290521265
15290520961
15290520961
15290517698
15290517698
15290517252
15290515705
15290515705
15290515420
15290515420
15290513193
15290513193
15290501709
15290501709
15236656037
15236656037
15236297295
15236297295
15236297265
15236297265
15236293970
15236293970
15236293169
15236293169
15236291951
15236291951
15236288270
15236288270
15236286702
15236286702
15236283705
15236283705
15236281931
15236281783
15236281783
15236279378
15236279378
15236272836
15236272836
15236271615
15236271615
15236271206
15236271206
15236271159
15236271159
15236270898
15236270898
15236269162
15236261532
15236261532
15236260685
15236260685
15236258092
15236258092
15236257361
15236257361
