18790256953
18768870673
18739932951
18739927503
18739923597
18739920570
18739919253
18739919065
18739917503
18739917095
18739913582
18739910670
18739902851
18739902673
18738198502
18738192157
18738190351
18738176275
18738137631
18738136702
18738135902
18738133025
18738132730
18738113672
18738113172
18738112783
18738112173
18738112083
18738110732
18738109052
18738109015
18738108603
18738108305
18738106572
18738105891
18738105751
18738103563
18738103257
18738103219
18738102751
18738102561
18737197592
18737196351
18737195723
18737193570
18737181703
18737167930
18737167382
18737165103
18737163752
18737162913
18737160571
18737131695
18737129753
18737125073
18736091937
18736090387
18736089625
18736079352
18736075937
18736073815
18736063097
18736059573
18736059263
18736059172
18736056357
18736050793
18736037153
18736031971
18736030617
18736027785
18736027091
18736026235
18736023157
18703978013
18703899702
18703892675
18239989263
18239986372
18239985735
18239983760
18239982592
18239982170
18239980635
18203679327
18203678396
18203677831
18203677813
18203676201
18203675179
18203673671
18203673351
18203673179
18203672631
18203672025
18203670652
18203670295
18203667935
18203667901
18203667635
18203665327
18203659873
18203659792
18203659130
18203658270
18203657683
18203657617
18203656721
18203655792
18203655387
18203653801
18203652935
18203652863
18203652790
18203652761
18203652387
18203651795
18203651582
18203639175
18203638925
18203637901
18203637260
18203637213
18203635127
18203633095
18203632815
18203632671
18203632625
18203629760
18203629523
18203628027
18203627535
18203627361
18203627053
18203627016
18203625769
18203625239
18203623779
18203623707
18203622875
18203621708
18203620359
18203620131
18203619971
18203618501
18203618021
18203617853
18203617293
18203617021
18203616375
18203615226
18203613713
18203612930
18203612831
18203612785
18203612592
18203612097
18203611965
18203611807
18203611793
18203611272
18203608793
18203608317
18203608205
18203606957
18203606773
18203606739
18203606503
18203606219
18203605923
18203605627
18203605263
18203602952
18203602839
18203602673
18203602597
18203602397
18203600739
18203600571
15981986305
15981986203
15981985139
15981983952
15981982395
15981981792
15981977635
15981977313
15981976337
15981971675
15981971260
15981970530
15981967735
15981967072
15981965313
15981965267
15981963109
15981963073
15981962152
15981961130
15981959710
15981958562
15981958306
15981958205
15981957302
15981957173
15981956353
15981956270
15981955952
15981955637
15981953610
15981953209
15981952716
15981952237
15981951692
15981950862
15981950715
15981950687
15981938317
15981937902
15981937875
15981937793
15981937621
15981935932
15981935023
15981933215
15981932097
15981931635
15981931276
15981930278
15981930139
15981929250
15981928835
15981928605
15981927671
15981927203
15981927161
15981926670
15981926331
15981926213
15981925930
15981925875
15981925337
15981925310
15981925103
15981922830
15981922783
15981921739
15981920971
15981920901
15981917390
15981917202
15981917137
15981916825
15981916127
15981916071
15981915532
15981913827
15981911572
15981909225
15981907597
15981906932
15981905752
15981905625
15981903775
15981903510
15981903279
15981902901
15981902771
15981902581
15981902523
15981901538
15981900683
15981900571
15981898361
15981897802
15981897310
15981892376
15981890692
15981879372
15981879209
15981878635
15981878537
15981878379
15981875903
15981875329
15981873623
15981873057
15981872382
15981872330
15981872095
15981870562
15981868392
15981868173
15981867831
15981867160
15981865613
15981863571
15981862715
15981861539
15981858319
15981858271
15981857960
15981857952
15981857036
15981853795
15981853070
15981853010
15981839513
15981839362
15981839210
15981839015
15981838273
15981838151
15981837103
15981837072
15981835167
15981832897
15981832102
15981831782
15981831701
15981828531
15981826725
15981826103
15981821592
15981821263
15981820835
15981817635
15981805627
15981803295
15981803207
15939039373
15939037650
15939037132
15939036739
15939036376
15939035175
15939033271
15939033163
15939032783
15939032637
15939030782
15939029530
15939028560
15939028021
15939027283
15939027163
15939026750
15939026717
15939025895
15939025692
15939025309
15939025273
15939023865
15939023170
15939021703
15939021512
15939021305
15939021163
15939020953
15939020365
15939019362
15939018907
15939018273
15939018153
15939017692
15939017260
15939015272
15939013718
15939012251
15939012087
15939011379
15939011352
15939010821
15939010353
15938799253
15938797865
15938795973
15938793972
15938793907
15938793735
15938793561
15938793202
15938792507
15938792305
15938791938
15938790970
15938790623
15938789327
15938787983
15938786209
15938782671
15938782295
15938781732
15938781651
15938781015
15938780762
15938780750
15938780235
15938773921
15938773760
15938773695
15938773670
15938773082
15938771865
15938771635
15938771325
15938770273
15938769578
15938769326
15938769316
15938769213
15938768071
15938767983
15938767531
15938767307
15938767250
15938766950
15938765709
15938765316
15938763917
15938763712
15938763671
15938763587
15938763129
15938763125
15938762697
15938762327
15938761837
15938761392
15938761275
15938760120
15938758920
15938758360
15938757293
15938757053
15938756290
15938755813
15938755792
15938755312
15938753673
15938753015
15938752375
15938752302
15938751807
15938750963
15938750130
15938739732
15938738625
15938738371
15938738360
15938738253
15938736302
15938735710
15938735162
15938732957
15938732205
15938732031
15938731971
15938731563
15938731252
15938731032
15938730758
15938730582
15938729672
15938729612
15938729115
15938729031
15938729017
15938727380
15938727078
15938726913
15938726337
15938726236
15938726210
15938725751
15938725602
15938723820
15938723280
15938723061
15938722879
15938722523
15938721956
15938720732
15938720530
15938720392
15938719182
15938718975
15938718352
15938717803
15938717663
15938717560
15938717317
15938715719
15938715682
15938715013
15938713205
15938713050
15938710307
15938709705
15938709035
15938707509
15938706175
15938706027
15938705723
15938703297
15938702795
15938701759
15937187710
15937139281
15937126051
15937122027
15936298379
15936298352
15936293192
15936292371
15936288702
15936286537
15936285062
15936283701
15936283510
15936280753
15936280737
15936278271
15936276073
15936275705
15936272951
15936272932
15936271729
15936271275
15936267239
15936267125
15936265907
15936265732
15936260275
15936260162
15936257592
15936256820
15936253251
15936252832
15936252150
15936251209
15936250761
15936239570
15936237270
15936237197
15936236537
15936236025
15936233052
15936232532
15936232063
15936231275
15936230873
15936230783
15936229127
15936228723
15936219276
15936217306
15936217202
15936215782
15936213372
15936209523
15936208532
15936206530
15903679951
15890630327
15838073271
15838052753
15838026307
15738828531
15738827813
15738369151
15738358623
15738357029
15738353972
15738351302
15713710983
15713710723
15713710295
15290897152
15290893285
15290883972
15290878267
15290876183
15290876159
15290873719
15290873612
15290873607
15290873287
15290871931
15290869235
15290869153
15290863713
15290863670
15290863501
15290861757
15290861373
15290861163
15290860782
15290859673
15290859250
15290857095
15290857092
15290855093
15290853570
15290852507
15290852383
15290852031
15290838273
15290837320
15290837296
15290836927
15290835763
15290835752
15290833797
15290832715
15290832671
15290831295
15290830532
15290829501
15290828571
15290826972
15290826827
15290823059
15290822762
15290822651
15290821397
15290820292
15290817082
15290815183
15290815032
15290813205
15290812105
15290812063
15290811591
15290811531
15290811297
15290805975
15238376231
15238370795
15238325692
15238325365
15238323079
15238318390
15238313592
15238313015
15238307502
15238305871
15238305261
15238093291
15238093165
15238092972
15238087951
15238087359
15238072652
15238069250
15238063597
15238060283
15238057913
15238057327
15238056150
15238050267
15238038207
15238037805
15238037059
15238036352
15238031965
15238026732
15238021792
15238020971
15238015835
15238013751
15237191275
15237172961
15237169571
15237165013
15237156732
15237155973
15237138721
15237131837
15237128205
15138973283
15138958213
15138957103
18768895047
18768894196
18768877247
18768869846
18768866489
18768866480
18768863648
18768862246
18768861421
18768856094
18768855647
18768854686
18768852418
18768850489
18738199194
18738196147
18738194332
18738191492
18738190884
18738189754
18738189542
18738189264
18738189124
18738188954
18738187843
18738187784
18738187480
18738184050
18738180490
18738179954
18738179194
18738178403
18738177480
18738176401
18738174934
18738172994
18738170143
18738167849
18738164537
18738163324
18738162415
18738155194
18738153034
18738152140
18738149280
18738147276
18738147236
18738146358
18738146208
18738143805
18738143568
18738142703
18738142162
18738141979
18738141965
18738140907
18738139164
18738134512
18738133674
18738132409
18738129483
18738121934
18738121420
18738120469
18738115584
18738113451
18738112742
18738104536
18738104186
18737197548
18737195249
18737194317
18737191864
18737187974
18737187714
18737186945
18737184706
18737183349
18737175849
18737170541
18737169945
18737165341
18737164932
18736079584
18736079042
18736074704
18736045238
18736042757
18736041986
18736041689
18736040992
18736040373
18736040113
18736039348
18736038485
18736034862
18736034813
18736034762
18736034616
18736034526
18736034353
18736034228
18736024771
18736009842
18736007348
18736005412
18736004653
18736004205
18736004085
18736003409
18736002496
18703997542
18703996564
18703995743
18703995421
18703995074
18703994658
18703994292
18703994279
18703994113
18703991746
18703977645
18703977243
18703976534
18703975649
18703974863
18703974557
18703974289
18703973462
18703973174
18703972842
18703971846
18703971421
18703971274
18703970614
18703970243
18703899416
18703899406
18703898834
18703897146
18703894735
18703894389
18703894018
18703893748
18703889487
18703888495
18703888470
18703886498
18703886471
18703885948
18703885114
18703884986
18703884528
18703883843
18703883674
18703881124
18703880674
18703880479
18703879740
18703877954
18703877408
18703877141
18703876746
18703876534
18703876481
18703876425
18703875468
18703875343
18703874959
18703874096
18703874091
18703874078
18703874061
18703873841
18703870894
18703870346
18703870054
18703869246
18703867413
18703866403
18703864821
18703864113
18703863641
18703862470
18703861648
18703861124
18703860428
18703858954
18703858214
18703856941
18703856492
18703855468
18703855418
18703854873
18703854760
18703854228
18703852194
18703851284
18703850948
18703849768
18703849373
18703849078
18703846926
18703846635
18703845850
18703845593
18703842175
18703842132
18703841918
18703841696
18703841552
18703841295
18703841283
18703841071
18703840879
18703840593
18703840378
18703840351
18703840283
18703840167
18703839748
18703836994
18703835749
18703834853
18703829240
18703824808
18703824391
18703824319
18703824016
18703823847
18703821949
18703819854
18703819405
18703819245
18703817504
18703817024
18703814180
18703812045
18703811148
18703810489
18703809948
18703809149
18703805249
18703804538
18703804501
18703804080
18703801450
18703801348
18703801248
18703800645
18703694529
18703691349
18703686594
18703685428
18703685248
18703684729
18703684389
18703683694
18703682487
18703678041
18703677784
18703677141
18703676884
18703675114
18703673634
18703672840
18703671954
18703671848
18703668154
18703665264
18703664687
18703664032
18703663924
18703663294
18703663043
18703661724
18703661476
18703660984
18703660483
18703660094
18703659546
18703658348
18703656840
18703654826
18703649923
18703649921
18703649381
18703649253
18703649207
18703648801
18703648797
18703648207
18703646597
18703646152
18703646117
18703645173
18703643717
18703643626
18703643165
18703643023
18703642583
18703642382
18703642335
18703642238
18703642173
18703641809
18703640952
18703639842
18703638854
18703638452
18703638451
18703636480
18703634396
18703634280
18703634236
18703634227
18703634156
18703634012
18703633496
18703632134
18703631043
18703629241
18703627949
18703627468
18703627425
18703626314
18703626124
18703625483
18703624131
18703620084
18703619354
18703616847
18703613479
18703612462
18703611481
18703611054
18703609643
18703609408
18703609347
18703608426
18703608407
18703608249
18703606403
18703606142
18703605849
18703605384
18703604837
18703602478
18703600834
18703600164
18339264362
18339236641
18339234339
18339234305
18339234290
18339233840
18339226647
18339225843
18339223848
18337198450
18337198074
18337197184
18337196427
18337195463
18337194693
18337194591
18337194173
18337192634
18337190334
18337187435
18337186954
18337184372
18337184273
18337184213
18337182524
18337182149
18337174068
18337170487
18337170248
18337169347
18337167743
18337164530
18337154891
18337151497
18337149821
18337147056
18337145108
18337143090
18337140312
18337139934
18337139492
18337136240
18337133242
18337131846
18337127246
18337125874
18337124823
18337124728
18337124675
18337124665
18337124596
18337124561
18337124390
18337124386
18337122486
18337118804
18337114159
18337109284
18337109142
18337104819
18337104183
18337101545
18336469057
18336467182
18336465960
18336465215
18336462365
18336460573
18239950504
18239932409
18239904065
18237174062
18237148639
18237105742
18236760342
18236427392
18236426557
18236423807
18236423283
18236422932
18236421273
18236417581
18236416570
18236415179
18236411202
18224538530
18224535683
18224535483
18224531509
18224526502
18224520875
18224518538
18224515953
18224508252
15981996764
15981993480
15981989634
15981987534
15981986141
15981973420
15981970437
15981963491
15981943309
15981943238
15981943063
15981935461
15981934131
15981930402
15981922284
15981921848
15981920408
15981906417
15981904323
15981898334
15981897334
15981890141
15981881524
15981874736
15981874656
15981874573
15981874383
15981874029
15981870584
15981870476
15981870094
15981867149
15981867140
15981866349
15981865524
15981865472
15981864631
15981862584
15981861674
15981858149
15981857491
15981852436
15981849690
15981849087
15981848379
15981846527
15981846302
15981842723
15981842613
15981834050
15981833436
15981831249
15981829343
15981824661
15981806476
15978439007
15978438795
15978438273
15978436903
15978436381
15978435798
15978435053
15978432990
15978418926
15978415285
15978413671
15978413176
15978407760
15978406862
15939049506
15939041139
15939040120
15939040028
15939034006
15939024953
15939012364
15939002472
15939000574
15938796364
15938795054
15938777047
15938760134
15938757843
15938757541
15938749807
15938740551
15938739364
15938731480
15938730240
15938729634
15938729594
15938728406
15938727423
15938727042
15938723485
15937196491
15937188614
15937171724
15937168548
15937168486
15937164509
15937163490
15937154839
15937153648
15937148095
15937145219
15937142039
15937123420
15937112794
15903699148
15903694025
15903692045
15903674251
15903660542
15903658047
15903656246
15903654758
15903653748
15903652495
15903650845
15903649613
15903645882
15903645753
15903639243
15903633504
15903633406
15903624920
15903623924
15903623584
15903611674
15903611648
15903611374
15903610914
15903610847
15903610694
15903610462
15903610458
15903609749
15903609480
15903609142
15903608949
15903606334
15903604805
15890690430
15890684683
15890684167
15890674602
15890659574
15890656984
15890655459
15890654929
15890654387
15890654082
15890649503
15890643750
15890643027
15890639409
15890638646
15890635410
15890632741
15890630054
15890628140
15890626247
15890624901
15890606742
15890602945
15890097043
15890096847
15890093341
15890081142
15890073984
15890071143
15890064762
15890054829
15890048709
15890046862
15890046731
15890043872
15890042957
15838354384
15838344710
15838344278
15838328447
15838286144
15838241436
15838227544
15838206443
15838203447
15838174804
15838174724
15838174647
15838174574
15838158244
15838149047
15838148547
15838148495
15838147094
15838146947
15838146417
15838146049
15838146047
15838145453
15838144917
15838142483
15838142471
15838142452
15838141534
15838107445
15838094641
15838064304
15838064149
15838063474
15838049584
15838045874
15838045704
15838044176
15838043478
15838012484
15837146400
15837144382
15837134481
15837130144
15837124348
15837110443
15837104349
15824899541
15824894012
15824892946
15824892840
15824891471
15824891254
15824875492
15824875409
15824875146
15824849530
15824848796
15824843900
15824842965
15824842313
15824841008
15824834709
15824834176
15824833413
15824833174
15824824072
15824815475
15824812594
15824811438
15824806643
15824806459
15824806249
15803897404
15803869844
15803847405
15803846964
15803844001
15803840646
15803834248
15803824374
15803814483
15803814043
15729399549
15729398514
15729398143
15729397584
15729397254
15729396824
15729396784
15729396724
15729395164
15729394962
15729394393
15729391425
15729384996
15729369426
15716486729
15716486582
15716485313
15716480132
15713899743
15713898741
15713898643
15713898463
15713898452
15713898420
15713898403
15713898034
15713897845
15713897741
15713897734
15713897724
15713896940
15713896534
15713896042
15713894971
15713894673
15713889479
15713889470
15713889457
15713889104
15713889074
15713887846
15713885941
15713885940
15713885340
15713879214
15713872945
15713872496
15713871478
15713869049
15713864349
15713860824
15713857324
15713854896
15713847393
15713846096
15713842208
15713838274
15713838040
15713835408
15713824131
15713804601
15713801743
15713698341
15713694923
15713690426
15713687430
15713681594
15713672476
15713668734
15294643891
15294641683
15294641652
15294638698
15294638028
15294636812
15294635916
15294635560
15294634186
15294629607
15294629590
15294628110
15294618368
15294615092
15294609815
15294606701
15294605578
15294602954
15294601846
15294600226
15290894886
15290894696
15290886544
15290859464
15290851244
15290847152
15290845031
15290844551
15290844357
15290844351
15290843895
15290840648
15290834989
15290824985
15290824559
15290813458
15290807584
15290804698
15290439697
15290435239
15290432819
15290432319
15290425660
15290424536
15290424522
15290424508
15290424363
15290424295
15290424201
15290423986
15290423584
15290423439
15290423194
15290423174
15290423014
15290421846
15290421270
15290420749
15290420694
15290420646
15290419792
15290419238
15290418947
15290418594
15290418267
15290418057
15290417629
15290417556
15290415882
15290415343
15290413547
15290412803
15290412676
15290412561
15290412079
15290411807
15290411710
15290410852
15290409138
15290408433
15290407880
15290407349
15290405881
15290405805
15290403925
15290403470
15290403412
15290402965
15290401980
15290401406
15290400820
15290400647
15286848365
15286848273
15286846549
15286843193
15286825754
15286825042
15286804752
15286804662
15286803584
15286803114
15249699534
15249697860
15249693294
15249688061
15249686480
15249686193
15249686031
15249685272
15249683205
15249682523
15249680620
15249680364
15249679942
15249679495
15249679421
15249679296
15249679164
15249678565
15249677986
15249677405
15249676426
15249676285
15249675184
15249673854
15249673847
15249673808
15249671410
15249671242
15249670058
15238698354
15238694595
15238691943
15238690946
15238688436
15238687041
15238686494
15238684661
15238684632
15238684364
15238679646
15238676481
15238673240
15238669641
15238664284
15238658324
15238658248
15238657824
15238657490
15238657419
15238657340
15238656842
15238656747
15238656429
15238655704
15238654386
15238652407
15238651954
15238651846
15238651446
15238651294
15238650984
15238649762
15238649634
15238649614
15238649287
15238648701
15238648632
15238648342
15238647985
15238647473
15238647423
15238647411
15238647237
15238646241
15238646015
15238645947
15238644357
15238644291
15238644071
15238643905
15238643514
15238641712
15238640349
15238640036
15238638064
15238636447
15238634507
15238634479
15238632845
15238629443
15238626844
15238625946
15238624981
15238624298
15238624214
15238624210
15238622846
15238621440
15238619434
15238619404
15238615324
15238614862
15238614645
15238612544
15238610490
15238603442
15238601949
15238601443
15238601241
15238399409
15238394214
15238386604
15238384553
15238384239
15238379401
15238374374
15238374152
15238367448
15238364874
15238364207
15238363244
15238354624
15238350454
15238349417
15238349145
15238349114
15238348425
15238347476
15238347406
15238347284
15238347174
15238347147
15238346847
15238346394
15238345764
15238345491
15238344921
15238344677
15238344671
15238343575
15238343492
15238343439
15238342994
15238342641
15238342413
15238342409
15238342074
15238340189
15238339824
15238337434
15238334595
15238333648
15238325974
15238325429
15238324631
15238324127
15238323834
15238302445
15238301143
15238094870
15238094181
